0,4822,3082,1,1
1,383793,35571,1,2
2,521295,11947,1,3
3,521295,11947,1,4
4,394489,13278,1,5
5,627981,12683,1,6
6,425187,10249,1,7
7,785015,13278,1,8
8,413423,13278,1,9
9,578168,13278,1,10
10,85471,31716,1,11
11,989157,3696,1,12
12,989157,3696,1,13
13,989157,3696,1,14
14,411796,13097,1,15
15,67852,28676,1,16
16,67852,28676,1,17
17,67852,28676,1,18
18,415660,12541,1,19
19,367192,9149,1,20
20,28756,637,1,21
21,531371,14962,1,22
22,557122,637,1,23
23,529045,13485,1,24
24,437816,13278,1,25
25,67108,13278,1,26
26,535859,4704,1,27
27,705780,9182,1,28
28,921713,4501,1,29
29,455704,34090,1,30
30,788641,2912,1,31
31,297810,13142,2,32
32,297810,13142,2,33
33,140774,13142,2,34
34,140774,13142,2,35
35,326306,13142,2,36
36,33127,13142,2,37
37,260176,13142,2,38
38,816777,13142,2,39
39,552622,13142,2,40
40,504860,13142,2,41
41,45579,23587,3,42
42,265025,23808,3,43
43,901081,32921,4,44
44,3751,3466,4,45
45,455076,22979,4,46
46,303848,15841,4,47
47,303848,15841,4,48
48,23759,15960,4,49
49,23759,15960,4,50
50,23759,15960,4,51
51,466868,18215,4,52
52,466868,18215,4,53
53,197430,6649,4,54
54,8944,7585,4,55
55,8944,7585,4,56
56,8944,7585,4,57
57,749882,15150,5,58
58,232059,7230,5,59
59,232059,7230,5,60
60,232059,7230,5,61
61,78422,7872,5,62
62,806500,5809,5,63
63,806500,5809,5,64
64,860585,3589,5,65
65,860585,3589,5,66
66,29058,3145,5,67
67,29058,3145,5,68
68,29058,3145,5,69
69,426497,21629,5,70
70,426497,21629,5,71
71,146633,9309,5,72
72,886346,637,5,73
73,841534,5163,5,74
74,720410,64597,5,75
75,720410,64597,5,76
76,27374,17490,5,77
77,196700,41558,6,78
78,835948,45817,6,79
79,674056,23088,6,80
80,674056,23088,6,81
81,567563,10076,6,82
82,656262,2312,6,83
83,585188,45817,6,84
84,880944,14603,6,85
85,880944,14603,6,86
86,141447,2312,6,87
87,141447,2312,6,88
88,243916,2312,6,89
89,151684,2202,7,90
90,448642,14831,7,91
91,618270,7527,7,92
92,706338,8369,7,93
93,591163,18857,7,94
94,521061,238,7,95
95,930042,2904,7,96
96,979569,8369,7,97
97,979569,8369,7,98
98,979569,8369,7,99
99,979569,8369,7,100
100,169597,11364,8,101
101,420069,11364,8,102
102,980051,11364,8,103
103,980051,11364,8,104
104,742968,576,9,105
105,742968,576,9,106
106,742968,576,9,107
107,803055,59647,9,108
108,803055,59647,9,109
109,896842,5376,9,110
110,896842,5376,9,111
111,896842,5376,9,112
112,739830,11205,9,113
113,155260,1136,10,114
114,133912,37608,10,115
115,489558,1136,10,116
116,94213,1136,10,117
117,62155,14208,10,118
118,727341,1136,10,119
119,852845,2312,10,120
120,495746,1136,10,121
121,186491,7297,10,122
122,334702,1293,10,123
123,488420,2531,10,124
124,294214,1136,10,125
125,874022,1136,10,126
126,683303,8834,10,127
127,468857,1293,10,128
128,625322,1136,10,129
129,678028,1136,10,130
130,440763,7297,10,131
131,440763,7297,10,132
132,608149,11256,10,133
133,538067,10310,10,134
134,30098,1136,10,135
135,476565,6819,10,136
136,905029,1136,10,137
137,761740,4712,10,138
138,591341,2378,10,139
139,23514,1136,10,140
140,682504,49319,10,141
141,554108,2507,10,142
142,152668,1136,10,143
143,152668,1136,10,144
144,226279,1136,10,145
145,507975,1136,10,146
146,46970,23968,11,147
147,146318,30463,11,148
148,146318,30463,11,149
149,146318,30463,11,150
150,960606,16668,11,151
151,26943,17305,11,152
152,203023,11180,11,153
153,549799,7149,11,154
154,518554,39062,11,155
155,518554,39062,11,156
156,260849,16668,11,157
157,586845,11312,11,158
158,584446,2144,11,159
159,825196,9772,11,160
160,539717,9538,11,161
161,440239,2785,11,162
162,368974,17152,11,163
163,434314,20476,11,164
164,244889,5386,11,165
165,656500,28459,11,166
166,214961,17305,11,167
167,123605,12721,11,168
168,913806,15601,11,169
169,717380,16668,11,170
170,709904,18365,11,171
171,16976,12603,11,172
172,444866,190,11,173
173,189934,2141,11,174
174,351701,2141,11,175
175,31259,8531,11,176
176,31259,8531,11,177
177,488593,2511,11,178
178,610159,5386,11,179
179,370217,4180,11,180
180,74841,17305,11,181
181,380506,5386,11,182
182,107844,26730,11,183
183,961022,1027,11,184
184,961022,1027,11,185
185,961022,1027,11,186
186,772450,16668,11,187
187,480691,190,11,188
188,614065,5386,11,189
189,846615,15235,11,190
190,457586,16668,11,191
191,722281,9772,11,192
192,75874,17381,12,193
193,75874,17381,12,194
194,173517,41143,12,195
195,173517,41143,12,196
196,448642,14831,12,197
197,448642,14831,12,198
198,448642,14831,12,199
199,448642,14831,12,200
200,448642,14831,12,201
201,78422,7872,12,202
202,78422,7872,12,203
203,74868,4180,12,204
204,316357,4216,12,205
205,775653,2904,12,206
206,262489,35090,12,207
207,51015,15230,12,208
208,249735,37503,12,209
209,249735,37503,12,210
210,594085,24015,12,211
211,645357,6476,12,212
212,273722,5928,12,213
213,273722,5928,12,214
214,251995,13555,12,215
215,395164,16175,12,216
216,797236,38554,12,217
217,382286,17533,12,218
218,382286,17533,12,219
219,456321,3276,12,220
220,456321,3276,12,221
221,456321,3276,12,222
222,863856,20341,12,223
223,863856,20341,12,224
224,862476,13014,12,225
225,34231,255,12,226
226,977051,27670,12,227
227,977051,27670,12,228
228,977051,27670,12,229
229,871448,1056,12,230
230,871448,1056,12,231
231,871448,1056,12,232
232,850725,68404,12,233
233,790877,13141,12,234
234,224938,29421,12,235
235,245,244,12,236
236,678360,23178,12,237
237,995440,2402,12,238
238,995440,2402,12,239
239,930042,2904,12,240
240,761795,5218,12,241
241,886346,637,12,242
242,886346,637,12,243
243,886346,637,12,244
244,895603,3961,12,245
245,761581,2904,12,246
246,761581,2904,12,247
247,761581,2904,12,248
248,144322,28878,12,249
249,321226,39381,12,250
250,321226,39381,12,251
251,220545,4180,12,252
252,47482,637,12,253
253,686034,34017,12,254
254,686034,34017,12,255
255,686034,34017,12,256
256,686034,34017,12,257
257,686034,34017,12,258
258,501301,7872,12,259
259,632455,23808,13,260
260,36174,11056,13,261
261,757156,6649,13,262
262,757156,6649,13,263
263,757156,6649,13,264
264,959837,10049,13,265
265,659646,4434,13,266
266,502515,7902,13,267
267,502515,7902,13,268
268,502515,7902,13,269
269,502515,7902,13,270
270,670606,1136,13,271
271,144442,23088,13,272
272,246760,14538,13,273
273,39372,21755,13,274
274,991247,19510,13,275
275,681414,27498,13,276
276,681414,27498,13,277
277,681414,27498,13,278
278,681414,27498,13,279
279,535297,21755,13,280
280,597127,7902,13,281
281,949571,5776,13,282
282,842756,1136,13,283
283,151065,6949,13,284
284,994770,14538,13,285
285,448702,10350,13,286
286,944253,6649,13,287
287,672400,11364,13,288
288,9368,7902,13,289
289,286784,30347,13,290
290,286784,30347,13,291
291,442103,12051,13,292
292,408565,12051,13,293
293,805906,2007,13,294
294,805906,2007,13,295
295,556635,22694,13,296
296,365213,7902,13,297
297,481638,6649,13,298
298,481638,6649,13,299
299,447511,4434,13,300
300,606022,6649,13,301
301,606022,6649,13,302
302,674056,23088,13,303
303,674056,23088,13,304
304,352129,21420,13,305
305,885828,19510,13,306
306,4899,4434,13,307
307,722466,64651,13,308
308,722466,64651,13,309
309,59000,10049,13,310
310,59000,10049,13,311
311,59000,10049,13,312
312,628577,10049,13,313
313,628577,10049,13,314
314,628577,10049,13,315
315,110798,1136,13,316
316,570916,30347,13,317
317,570916,30347,13,318
318,570916,30347,13,319
319,570916,30347,13,320
320,733615,6949,13,321
321,164501,1136,13,322
322,30976,11364,13,323
323,30976,11364,13,324
324,817991,10350,13,325
325,708848,12051,13,326
326,904363,5776,13,327
327,692190,22694,13,328
328,692190,22694,13,329
329,206381,14538,13,330
330,777119,27753,13,331
331,156206,2535,13,332
332,156206,2535,13,333
333,294214,1136,13,334
334,294214,1136,13,335
335,19232,6649,13,336
336,19232,6649,13,337
337,19232,6649,13,338
338,946540,19510,13,339
339,923152,21755,13,340
340,292960,5167,13,341
341,292960,5167,13,342
342,292960,5167,13,343
343,12783,10049,13,344
344,951064,4434,13,345
345,805274,3869,13,346
346,62187,27575,13,347
347,610881,5776,13,348
348,375377,22694,13,349
349,375377,22694,13,350
350,375377,22694,13,351
351,91444,6649,13,352
352,280942,14407,13,353
353,854485,6649,13,354
354,850047,6649,13,355
355,850047,6649,13,356
356,422286,12051,13,357
357,552724,27658,13,358
358,552724,27658,13,359
359,489291,27753,13,360
360,657405,2007,13,361
361,657405,2007,13,362
362,73980,8378,13,363
363,167399,17053,13,364
364,834482,7088,13,365
365,93326,2007,13,366
366,93326,2007,13,367
367,93326,2007,13,368
368,93326,2007,13,369
369,152789,14538,13,370
370,235854,30347,13,371
371,235854,30347,13,372
372,952061,4597,13,373
373,952061,4597,13,374
374,952061,4597,13,375
375,952061,4597,13,376
376,654089,12051,13,377
377,642428,2007,13,378
378,465549,11364,13,379
379,229009,10350,13,380
380,56120,10049,13,381
381,84509,1136,13,382
382,194591,27753,13,383
383,35174,2535,13,384
384,35174,2535,13,385
385,699963,7902,13,386
386,488508,11364,13,387
387,824486,19510,13,388
388,5998,4796,13,389
389,680886,14538,13,390
390,760859,10350,13,391
391,270503,11364,13,387
392,543448,4597,13,392
393,412633,30347,13,393
394,412633,30347,13,394
395,412633,30347,13,395
396,412633,30347,13,396
397,651608,19510,13,397
398,651608,19510,13,398
399,651608,19510,13,399
400,651608,19510,13,400
401,382970,14538,13,401
402,382970,14538,13,402
403,382970,14538,13,403
404,382970,14538,13,404
405,895680,21755,13,405
406,895680,21755,13,406
407,715907,2535,13,407
408,715907,2535,13,408
409,715907,2535,13,409
410,387256,5776,13,410
411,387256,5776,13,411
412,387256,5776,13,412
413,933812,4597,13,413
414,302103,30347,13,414
415,302103,30347,13,415
416,302103,30347,13,416
417,302103,30347,13,417
418,910673,4434,13,418
419,61347,12051,13,419
420,552347,23088,13,420
421,580080,12051,13,421
422,926092,5776,13,422
423,926092,5776,13,423
424,873374,6393,13,424
425,845881,6649,13,425
426,182499,14538,13,426
427,296878,14538,13,427
428,296878,14538,13,428
429,743707,9861,13,429
430,46386,23808,13,430
431,46386,23808,13,431
432,46386,23808,13,432
433,46386,23808,13,433
434,166992,23808,13,434
435,420069,11364,13,435
436,7696,6649,13,436
437,7696,6649,13,437
438,7696,6649,13,438
439,254632,46544,13,439
440,254632,46544,13,440
441,592560,5776,13,441
442,475204,6649,13,442
443,929171,10049,13,443
444,404986,27498,13,444
445,404986,27498,13,445
446,404986,27498,13,446
447,804249,12051,13,447
448,804249,12051,13,448
449,610561,11364,13,449
450,862832,10049,13,450
451,302929,12051,13,451
452,662061,5556,13,452
453,433191,5556,13,453
454,74845,382,13,454
455,455553,23808,13,455
456,455553,23808,13,456
457,543741,11364,13,457
458,308442,6649,13,458
459,373696,11638,13,459
460,373696,11638,13,460
461,381435,2007,13,461
462,381435,2007,13,462
463,239913,21755,13,463
464,239913,21755,13,464
465,925935,9861,13,465
466,422048,6649,13,466
467,422048,6649,13,467
468,422048,6649,13,468
469,422048,6649,13,469
470,385952,6649,13,470
471,385952,6649,13,471
472,273032,19510,13,472
473,273032,19510,13,473
474,114766,14538,13,474
475,662510,5776,13,475
476,744276,4597,13,476
477,744276,4597,13,477
478,744276,4597,13,478
479,197430,6649,13,479
480,197430,6649,13,480
481,197430,6649,13,481
482,197430,6649,13,482
483,197430,6649,13,483
484,197430,6649,13,484
485,339113,10049,13,485
486,877136,9861,13,486
487,127049,6649,13,487
488,23514,1136,13,488
489,265025,23808,13,489
490,265025,23808,13,490
491,928273,1136,13,491
492,993133,10049,13,492
493,993133,10049,13,493
494,556031,10049,13,494
495,556031,10049,13,495
496,556031,10049,13,496
497,720721,22694,13,497
498,685091,4434,13,498
499,830398,1136,13,499
500,694718,63812,13,500
501,32880,1136,13,501
502,656224,27498,13,502
503,656224,27498,13,503
504,152668,1136,13,504
505,407766,12051,13,505
506,553168,21755,13,506
507,698727,14538,13,507
508,914069,7902,13,508
509,628116,27498,13,509
510,628116,27498,13,510
511,628116,27498,13,511
512,628116,27498,13,512
513,628116,27498,13,513
514,628116,27498,13,514
515,628116,27498,13,515
516,628116,27498,13,516
517,145183,5556,13,517
518,408774,2007,13,518
519,408774,2007,13,519
520,572791,1136,13,520
521,572791,1136,13,521
522,119142,11307,13,522
523,226279,1136,13,523
524,255828,7902,13,524
525,46604,11364,13,525
526,54307,21175,13,506
527,484444,5776,13,526
528,484444,5776,13,527
529,113417,35455,13,528
530,248880,11364,13,529
531,331755,27498,13,530
532,331755,27498,13,531
533,821458,10449,14,532
534,656718,14108,14,533
535,901908,4346,14,534
536,830671,30399,15,535
537,830671,30399,15,536
538,963458,30399,15,537
539,716164,16599,15,538
540,205748,30399,15,539
541,401727,30399,15,540
542,683723,63429,15,541
543,836937,11205,16,542
544,228242,23581,16,543
545,11005,9033,17,544
546,11005,9033,17,545
547,900225,15235,17,546
548,93568,8573,17,547
549,863492,23221,17,548
550,863492,23221,17,549
551,903699,8494,17,550
552,266614,15235,17,551
553,119017,28570,17,552
554,966545,6067,17,553
555,154649,39623,17,554
556,139377,802,17,555
557,139377,802,17,556
558,139377,802,17,557
559,930446,11593,17,558
560,276191,21476,17,559
561,287949,16594,17,560
562,83328,28952,17,561
563,62608,21349,17,562
564,75900,4216,17,563
565,75900,4216,17,564
566,75900,4216,17,565
567,822887,2791,17,566
568,259042,34660,17,567
569,224724,15150,17,568
570,102496,34101,17,569
571,102496,34101,17,570
572,733728,190,17,571
573,178499,10092,17,572
574,889894,18460,17,573
575,534117,12628,17,574
576,534117,12628,17,575
577,304035,9305,17,576
578,336282,5443,17,577
579,759255,15235,17,578
580,254088,8760,17,579
581,967209,20686,17,580
582,631730,3410,17,581
583,236132,8573,17,582
584,354374,1974,17,583
585,730893,1743,17,584
586,391088,13352,17,585
587,220061,3537,17,586
588,220061,3537,17,587
589,116390,16019,17,588
590,496060,11761,17,589
591,77171,23401,17,590
592,71277,1795,17,591
593,263609,7294,17,592
594,443798,9105,17,593
595,426497,21629,17,594
596,426497,21629,17,595
597,426497,21629,17,596
598,304235,11660,17,597
599,630491,45919,17,598
600,435632,1545,17,599
601,959030,15235,17,600
602,100149,8573,17,601
603,100149,8573,17,602
604,283780,13310,17,603
605,283780,13310,17,604
606,412885,6393,17,605
607,778977,3771,17,606
608,805474,8573,17,607
609,261397,15235,17,608
610,568059,190,17,609
611,840622,15286,17,610
612,499566,9935,17,611
613,499566,9935,17,612
614,125884,20676,17,613
615,736199,14933,17,614
616,98190,6047,17,615
617,915665,190,17,616
618,337043,2598,17,617
619,337043,2598,17,618
620,925663,40789,17,619
621,788936,15235,17,620
622,216166,13360,17,621
623,828377,13310,17,622
624,370010,16771,17,623
625,649610,18625,17,624
626,908378,34660,17,625
627,608513,18097,18,626
628,77469,5218,18,627
629,140515,18097,18,628
630,162787,479,18,629
631,550635,17023,18,630
632,906288,34507,18,631
633,663593,6819,18,632
634,608921,10791,19,633
635,608921,10791,19,634
636,608921,10791,19,635
637,440541,5261,19,636
638,440541,5261,19,637
639,548000,9992,19,638
640,548000,9992,19,639
641,548000,9992,19,640
642,548000,9992,19,641
643,749250,22944,19,642
644,749250,22944,19,643
645,199604,1799,19,644
646,199604,1799,19,645
647,199604,1799,19,646
648,199604,1799,19,647
649,359018,11102,19,648
650,895574,14523,19,649
651,895574,14523,19,650
652,895574,14523,19,651
653,895574,14523,19,652
654,548829,20884,20,653
655,548829,20884,20,654
656,548829,20884,20,655
657,196700,41558,20,656
658,299712,20341,20,657
659,293298,25576,20,658
660,506608,29578,20,659
661,249735,37503,20,660
662,807573,9770,20,661
663,485828,56768,20,662
664,464487,2202,20,663
665,294338,9565,20,664
666,651928,8927,20,665
667,214961,17305,20,666
668,82144,1044,20,667
669,319597,11364,20,668
670,809495,67191,20,669
671,136365,13721,20,670
672,78550,8927,20,671
673,869495,8800,20,672
674,945402,25576,20,673
675,121939,20884,20,674
676,512401,11522,20,675
677,512401,11522,20,676
678,440763,7297,20,677
679,501516,9565,20,678
680,331870,1712,20,679
681,39148,8347,20,680
682,200276,797,20,681
683,724753,20884,20,682
684,577881,23968,20,683
685,356424,2386,20,684
686,735860,27308,20,685
687,735860,27308,20,686
688,735860,27308,20,687
689,588282,19195,20,688
690,864901,18808,20,689
691,266391,531,20,690
692,782480,5283,20,691
693,851630,9565,20,692
694,83006,871,20,693
695,410996,18808,20,694
696,774079,11522,20,695
697,499818,190,20,696
698,483749,17730,20,697
699,483749,17730,20,698
700,483749,17730,20,699
701,996483,11452,20,700
702,105489,11364,20,701
703,42892,19436,20,702
704,469913,1499,20,703
705,185104,34057,21,704
706,111083,1320,21,705
707,111083,1320,21,706
708,111083,1320,21,707
709,111083,1320,21,708
710,111083,1320,21,709
711,111083,1320,21,710
712,111083,1320,21,711
713,111083,1320,21,712
714,111083,1320,21,713
715,448642,14831,21,714
716,846442,3932,21,715
717,846442,3932,21,716
718,807573,9770,21,717
719,736674,8035,21,718
720,215067,22377,21,719
721,905593,44893,21,720
722,864901,18808,21,721
723,533037,21627,21,722
724,102118,34057,21,723
725,929440,18684,22,724
726,631691,503,22,725
727,384804,20910,22,726
728,384804,20910,22,727
729,384804,20910,22,728
730,384804,20910,22,729
731,438223,6084,23,730
732,366480,2507,23,731
733,723882,4516,23,732
734,682589,26304,23,733
735,947069,26304,23,734
736,648768,1354,23,735
737,905786,26304,23,736
738,911033,2507,23,737
739,335186,2507,23,738
740,335186,2507,23,739
741,407091,29079,24,740
742,366252,2452,24,741
743,366252,2452,24,742
744,366252,2452,24,743
745,91367,3162,24,744
746,91367,3162,24,745
747,197344,16479,24,746
748,83095,4180,24,123
749,143215,38575,24,747
750,810587,2452,24,748
751,810587,2452,24,749
752,242515,34017,24,750
753,656209,10261,24,416
754,656209,10261,24,751
755,443696,55092,24,752
756,581350,10261,24,753
757,197105,8628,24,754
758,366681,2452,24,755
759,119280,18532,24,756
760,119280,18532,24,757
761,755426,32542,24,758
762,755426,32542,24,759
763,755426,32542,24,760
764,622068,18586,24,761
765,101862,34017,24,762
766,924028,17028,25,763
767,694601,11219,25,764
768,694601,11219,25,765
769,879701,7271,25,766
770,879701,7271,25,767
771,749672,2464,25,768
772,397655,11219,25,769
773,397655,11219,25,770
774,886957,9625,25,771
775,545084,115,25,772
776,679250,2464,25,773
777,679250,2464,25,774
778,934312,11219,25,775
779,934312,11219,25,776
780,304712,5459,25,777
781,304712,5459,25,778
782,346442,7271,25,779
783,377445,5459,25,780
784,377445,5459,25,781
785,377445,5459,25,782
786,895442,2114,25,783
787,895442,2114,25,784
788,186965,42207,25,785
789,186965,42207,25,786
790,576855,60062,25,787
791,576855,60062,25,788
792,576855,60062,25,789
793,666376,7271,25,790
794,861137,7271,25,791
795,642649,9782,26,792
796,376942,18354,26,793
797,250401,4174,26,794
798,315855,37639,26,795
799,363745,3504,26,796
800,493914,2563,26,797
801,493914,2563,26,798
802,534203,32775,26,799
803,207880,43686,26,800
804,207880,43686,26,801
805,488568,32775,26,802
806,341774,34685,26,803
807,525593,32775,26,804
808,678070,27753,26,805
809,47327,21212,26,806
810,47327,21212,26,807
811,47327,21212,26,808
812,898473,10045,26,809
813,123089,36527,26,810
814,123089,36527,26,811
815,910256,2683,26,812
816,807260,40116,26,813
817,571943,6911,27,814
818,955247,7654,27,815
819,25532,14475,27,816
820,25532,14475,27,817
821,407977,53732,27,818
822,407977,53732,27,819
823,407977,53732,27,820
824,198466,12845,27,821
825,198466,12845,27,822
826,506000,31838,27,823
827,277580,12530,27,824
828,437151,32866,27,825
829,697064,695,27,826
830,697064,695,27,827
831,930114,8623,27,828
832,269978,32866,27,829
833,598204,7775,27,830
834,598204,7775,27,831
835,598204,7775,27,832
836,764715,6921,27,833
837,929906,8686,27,834
838,929906,8686,27,835
839,911100,70213,27,836
840,518567,57949,27,837
841,25587,6985,27,838
842,732730,8829,27,839
843,681057,11993,27,840
844,681057,11993,27,841
845,54793,9956,27,842
846,105860,1499,28,843
847,193366,1499,28,844
848,469913,1499,28,845
849,889861,6714,29,846
850,807753,6714,29,847
851,621763,5300,29,848
852,64834,19293,30,849
853,929922,802,30,850
854,466437,16502,30,851
855,887162,728,30,852
856,728855,9256,30,853
857,816633,28854,30,854
858,757331,14246,30,855
859,564246,802,30,856
860,282127,24642,30,857
861,592225,25272,30,858
862,821110,257,30,859
863,847261,11720,31,860
864,473473,6476,31,861
865,753908,10261,31,862
866,687155,63544,31,863
867,59439,23087,31,864
868,864297,28867,31,865
869,864297,28867,31,866
870,864297,28867,31,867
871,864297,28867,31,868
872,864297,28867,31,869
873,836336,4704,31,870
874,836336,4704,31,871
875,407091,29079,31,872
876,329598,16120,31,873
877,329598,16120,31,874
878,329598,16120,31,875
879,329598,16120,31,343
880,672400,11364,31,876
881,672400,11364,31,877
882,672400,11364,31,878
883,272017,13555,31,879
884,502577,6476,31,880
885,196700,41558,31,881
886,775653,2904,31,882
887,775653,2904,31,883
888,434295,19477,31,884
889,178649,41558,31,885
890,178649,41558,31,886
891,331134,19195,31,887
892,331134,19195,31,888
893,219755,44457,31,889
894,219755,44457,31,890
895,811059,41558,31,891
896,662227,19244,31,892
897,553812,4832,31,893
898,546862,2642,31,894
899,546862,2642,31,895
900,222858,41558,31,896
901,214293,11307,31,897
902,214293,11307,31,898
903,214293,11307,31,899
904,601634,23968,31,900
905,601634,23968,31,901
906,645357,6476,31,902
907,182775,41558,31,903
908,182775,41558,31,904
909,867535,68904,31,905
910,759779,728,31,906
911,979641,2312,31,907
912,719024,41558,31,908
913,251995,13555,31,909
914,251995,13555,31,634
915,833036,15681,31,910
916,833036,15681,31,911
917,319597,11364,31,912
918,319597,11364,31,913
919,954566,4832,31,914
920,656262,2312,31,915
921,656262,2312,31,916
922,656262,2312,31,917
923,97300,27198,31,918
924,162787,479,31,919
925,705193,19562,31,920
926,136053,255,31,921
927,215613,28806,31,922
928,854021,16120,31,923
929,854021,16120,31,924
930,932260,13014,31,925
931,142095,17206,31,926
932,55477,26109,31,927
933,512401,11522,31,928
934,512401,11522,31,929
935,862476,13014,31,930
936,862476,13014,31,931
937,862476,13014,31,932
938,862476,13014,31,933
939,862476,13014,31,934
940,912051,39098,31,935
941,912051,39098,31,245
942,974580,6396,31,936
943,900312,2642,31,937
944,818160,31123,31,938
945,818160,31123,31,939
946,288443,48269,31,940
947,850725,68404,31,941
948,698230,16120,31,942
949,698230,16120,31,943
950,420069,11364,31,944
951,7850,6766,31,945
952,7850,6766,31,946
953,7850,6766,31,947
954,39148,8347,31,948
955,835931,11030,31,949
956,913832,1573,31,950
957,198796,12785,31,951
958,588282,19195,31,952
959,633038,8755,31,953
960,543741,11364,31,954
961,543741,11364,31,955
962,663936,62803,31,956
963,663936,62803,31,957
964,932814,70795,31,958
965,172993,7713,31,959
966,888858,7713,31,960
967,930042,2904,31,961
968,761795,5218,31,962
969,761795,5218,31,963
970,761795,5218,31,964
971,761795,5218,31,965
972,886346,637,31,966
973,886346,637,31,967
974,210381,1799,31,968
975,210381,1799,31,969
976,10708,8837,31,970
977,68955,16148,31,971
978,755426,32542,31,972
979,755426,32542,31,973
980,666426,62871,31,974
981,219333,1499,31,975
982,828204,10350,31,976
983,797918,41558,31,977
984,410996,18808,31,978
985,990571,11364,31,979
986,990571,11364,31,980
987,990571,11364,31,981
988,622068,18586,31,982
989,592400,11720,31,983
990,592400,11720,31,984
991,139786,11030,31,985
992,655202,10261,31,986
993,663593,6819,31,987
994,895251,4712,31,988
995,37278,871,31,989
996,37278,871,31,990
997,39732,6396,31,991
998,24167,8829,31,992
999,383897,41558,31,993
